function y = gradf1 (x1,x2,x3)
y=[6*x1+2*x2+4*x3 - 12;
       2*x1+4*x2+6*x3 - 12;
4*x1+6*x2+2*x3 - 12];
end
